from prelab3 import *

t1 = np.array([
    [0.9781, -0.2079, 0, -502.7915],
    [-0.2079, -0.9781, 0, 392.2923],
    [0, 0, -1, 161.2264],
    [0, 0, 0, 1]
])
t2 = np.array([
    [-0.0322, 0.0412, -0.9986, -454.4101],
    [0.6148, -0.7869, -0.0523, 152.6635],
    [-0.7880, -0.6157, 0, 444.4072],
    [0, 0, 0, 1]
])
t3 = np.array([
    [-0.4997, 0.8662, 0.0031, -241.8895],
    [-0.8655, -0.4994, 0.0389, -237.4258],
    [0.0352, 0.0168, 0.9992, 21.6090],
    [0, 0, 0, 1]
])
t4 = np.array([
    [0.9958, -0.0897, -0.0172, 6.7222],
    [-0.0197, -0.0273, -0.9994, -319.3805],
    [0.0892, 0.9956, -0.0289, 294.1198],
    [0, 0, 0, 1]
])
t5 = np.array([
    [-0.9979, 0.0383, 0.0525, -477.5444],
    [-0.0530, -0.0116, -0.9985, -482.8959],
    [-0.0377, -0.9992, 0.0136, -48.0080],
    [0, 0, 0, 1]
])
t6 = np.array([
    [0, 1, 0, -491.7000],
    [1, 0, 0, -133.0000],
    [0, 0, -1, 85.4000],
    [0, 0, 0, 1],
])

thetas1 = [-0.2, 0.1, 0.1, 0.1, 0.1, 0.1]
thetas2 = [-0.1, -math.pi * 1/3, 0.1, 0.1, 0.1, 0.1]
thetas_default = [0.1, -0.1, 0.1, 0.1, 0.1, 0.1]
